corr_EE_mean: 0.0021240818496771376
corr_EI_mean: 0.010940224876752405
corr_II_mean: 0.021365598696998393
cv_mean_E: 0.2905510311829426
cv_mean_I: 0.909534626011174
cv_pop_E: 0.849843466710282
cv_pop_I: 1.4708396042449048
energy_conductance: 2495.5734756097063
energy_per_spike: 0.6262754000798405
energy_spikes: 4182.0
energy_total: 6677.573475609706
fano_E: 2.2242038216560513
fano_I: 13.092909397861568
g_e_cv: 10.287186694142173
g_e_mean: 0.0024380617357383965
g_ei_ratio: 42.39241833395829
g_i_cv: 1.5387077898642658
g_i_mean: 5.751173987131081e-05
gamma_Q: 24.0
gamma_peak_freq: 48.0
gamma_peak_power: 153692.80455833746
lag_EI_mean_ms: 0.33853503184713374
lag_EI_std_ms: 0.33124800739527893
mean_rate_E: 0.785
mean_rate_I: 17.77
regime: unstable
regime_reason: Extreme E/I conductance ratio
synchrony: 1.2738584409373506
