corr_EE_mean: 0.0017555474283728438
corr_EI_mean: 0.011047662360126798
corr_II_mean: 0.024876715546950777
cv_mean_E: 0.2805107408226189
cv_mean_I: 1.5240015553583215
cv_pop_E: 0.8562956560684363
cv_pop_I: 2.148962709301065
energy_conductance: 6393.7365391287785
energy_per_spike: 0.5168608260997086
energy_spikes: 6840.0
energy_total: 13233.736539128779
fano_E: 2.024468085106383
fano_I: 21.99340985711992
g_e_cv: 10.45831206100574
g_e_mean: 0.0062930011796406525
g_ei_ratio: 62.47062810533914
g_i_cv: 1.457959093895087
g_i_mean: 0.00010073535948813059
gamma_Q: 24.0
gamma_peak_freq: 48.0
gamma_peak_power: 450673.42579262104
lag_EI_mean_ms: 0.16808510638298016
lag_EI_std_ms: 0.1934595859988357
mean_rate_E: 0.76375
mean_rate_I: 31.145
regime: unstable
regime_reason: Extreme E/I conductance ratio
synchrony: 1.9060818713450292
