corr_EE_mean: 0.009373800692661388
corr_EI_mean: -0.0007481233740690788
corr_II_mean: 0.0021003563770763765
cv_mean_E: 0.26671206163286965
cv_mean_I: 0.5850030329466487
cv_pop_E: 0.3126260182905467
cv_pop_I: 1.0305183522877999
energy_conductance: 21754.674997323706
energy_per_spike: 0.7028604970571558
energy_spikes: 51459.0
energy_total: 73213.6749973237
fano_E: 0.4325607198843625
fano_I: 0.26495726495726496
g_e_cv: 1.629670576157551
g_e_mean: 0.0029983750320978584
g_ei_ratio: 0.1598596225085353
g_i_cv: 0.4519718228973568
g_i_mean: 0.01875629996522585
gamma_Q: 21.333333333333332
gamma_peak_freq: 64.0
gamma_peak_power: 2902247.171438877
lag_EI_mean_ms: 0.4213708281577719
lag_EI_std_ms: 0.539377384222486
mean_rate_E: 61.39875
mean_rate_I: 11.7
regime: AI
regime_reason: Low correlations but irregularity outside AI range
synchrony: 1.1093476165490974
