corr_EE_mean: 0.001931316339538349
corr_EI_mean: 0.010172962987951392
corr_II_mean: 0.026638919934005273
cv_mean_E: 0.281773688416233
cv_mean_I: 1.842687835019106
cv_pop_E: 0.8559921402991012
cv_pop_I: 2.538148347245097
energy_conductance: 12795.072143035824
energy_per_spike: 0.40936022099944197
energy_spikes: 8868.0
energy_total: 21663.072143035824
fano_E: 1.99
fano_I: 29.473246250604745
g_e_cv: 10.531188433013764
g_e_mean: 0.012661292485545123
g_ei_ratio: 94.64288310370135
g_i_cv: 1.4254735460049337
g_i_mean: 0.00013377965749069575
gamma_Q: 24.0
gamma_peak_freq: 48.0
gamma_peak_power: 613040.5940922335
lag_EI_mean_ms: 0.11716666666666913
lag_EI_std_ms: 0.15616862325348516
mean_rate_E: 0.75
mean_rate_I: 41.34
regime: unstable
regime_reason: Extreme E/I conductance ratio
synchrony: 2.282879566982409
