corr_EE_mean: 0.18663786484949962
corr_EI_mean: 0.047903666640052085
corr_II_mean: 0.18198609349118702
cv_mean_E: 0.4013807612353332
cv_mean_I: 0.5636904384578262
cv_pop_E: 0.4929093968680384
cv_pop_I: 0.8720777628348464
energy_conductance: 41453.48073547972
energy_per_spike: 0.4560016375616332
energy_spikes: 34748.0
energy_total: 76201.48073547972
fano_E: 13.972929511748042
fano_I: 5.313208939489774
g_e_cv: 2.4932566943608006
g_e_mean: 0.0034610088902223128
g_ei_ratio: 0.09109722853303494
g_i_cv: 0.7260716390843371
g_i_mean: 0.03799247184525744
gamma_Q: 25.0
gamma_peak_freq: 50.0
gamma_peak_power: 314421819.65508944
lag_EI_mean_ms: 0.6456512317898455
lag_EI_std_ms: 1.0961370010505394
mean_rate_E: 37.50625
mean_rate_I: 23.715
regime: PING
regime_reason: Gamma peak detected
synchrony: 24.169106020490393
