corr_EE_mean: 0.0021801447796070796
corr_EI_mean: 0.010696093932515882
corr_II_mean: 0.02736035331528244
cv_mean_E: 0.28396262713443504
cv_mean_I: 1.8110100554724937
cv_pop_E: 0.8538724361362878
cv_pop_I: 2.4831898141913893
energy_conductance: 11527.116400447136
energy_per_spike: 0.4266860804510817
energy_spikes: 8579.0
energy_total: 20106.116400447136
fano_E: 1.9283693843594012
fano_I: 27.89343193782903
g_e_cv: 10.519007208905931
g_e_mean: 0.011397932402962212
g_ei_ratio: 88.23021910505666
g_i_cv: 1.4328174700638658
g_i_mean: 0.00012918399748492715
gamma_Q: 24.0
gamma_peak_freq: 48.0
gamma_peak_power: 608603.2471855532
lag_EI_mean_ms: 0.12196339434276386
lag_EI_std_ms: 0.15452187646828763
mean_rate_E: 0.75125
mean_rate_I: 39.89
regime: unstable
regime_reason: Extreme E/I conductance ratio
synchrony: 2.3325048373936355
