corr_EE_mean: 0.0022762253173484468
corr_EI_mean: 0.010715907276831546
corr_II_mean: 0.026871024202851167
cv_mean_E: 0.2804446680603858
cv_mean_I: 1.7640669073484216
cv_pop_E: 0.8534583024692071
cv_pop_I: 2.4300954389199854
energy_conductance: 10245.179425294833
energy_per_spike: 0.44791289718684935
energy_spikes: 8312.0
energy_total: 18557.17942529483
fano_E: 1.9611111111111117
fano_I: 26.849520041509916
g_e_cv: 10.518195381075538
g_e_mean: 0.010120383753917259
g_ei_ratio: 81.09563130037554
g_i_cv: 1.4284618152568138
g_i_mean: 0.00012479567137755782
gamma_Q: 24.0
gamma_peak_freq: 48.0
gamma_peak_power: 560540.0357282874
lag_EI_mean_ms: 0.12935323383084668
lag_EI_std_ms: 0.16726483584058893
mean_rate_E: 0.75375
mean_rate_I: 38.545
regime: unstable
regime_reason: Extreme E/I conductance ratio
synchrony: 2.236075072184793
