corr_EE_mean: 0.0024373772112686017
corr_EI_mean: 0.011290259221674242
corr_II_mean: 0.027637633940736615
cv_mean_E: 0.2796832137888454
cv_mean_I: 1.7040114186144806
cv_pop_E: 0.8575128868056106
cv_pop_I: 2.353203386967471
energy_conductance: 8985.059956553503
energy_per_spike: 0.46853022054553206
energy_spikes: 7921.0
energy_total: 16906.0599565535
fano_E: 2.03993399339934
fano_I: 26.213226247436772
g_e_cv: 10.49564947695768
g_e_mean: 0.008867186033963368
g_ei_ratio: 75.22601979400748
g_i_cv: 1.43730546398832
g_i_mean: 0.00011787392259014252
gamma_Q: 24.0
gamma_peak_freq: 48.0
gamma_peak_power: 598808.3168755437
lag_EI_mean_ms: 0.13085808580858138
lag_EI_std_ms: 0.17259882038315333
mean_rate_E: 0.7575
mean_rate_I: 36.575
regime: unstable
regime_reason: Extreme E/I conductance ratio
synchrony: 2.235621638681985
