corr_EE_mean: 0.0017202501650606212
corr_EI_mean: 0.010971894035257205
corr_II_mean: 0.024121874003949113
cv_mean_E: 0.28235439442697097
cv_mean_I: 1.2756566456846772
cv_pop_E: 0.8548116488712273
cv_pop_I: 1.8351638884074262
energy_conductance: 3825.3052439694375
energy_per_spike: 0.5893967464789107
energy_spikes: 5491.0
energy_total: 9316.305243969437
fano_E: 2.0530595813204515
fano_I: 16.81786447638604
g_e_cv: 10.350009178984362
g_e_mean: 0.003747005180275126
g_ei_ratio: 47.85443336168447
g_i_cv: 1.473833351847888
g_i_mean: 7.830006369431247e-05
gamma_Q: 24.0
gamma_peak_freq: 48.0
gamma_peak_power: 300480.7019431911
lag_EI_mean_ms: 0.24911433172302644
lag_EI_std_ms: 0.2731459617070253
mean_rate_E: 0.77625
mean_rate_I: 24.35
regime: unstable
regime_reason: Extreme E/I conductance ratio
synchrony: 1.6303622291021673
