corr_EE_mean: 0.001938466197706234
corr_EI_mean: 0.010237853037391382
corr_II_mean: 0.026992913010097933
cv_mean_E: 0.27645908421796733
cv_mean_I: 1.8930295192076354
cv_pop_E: 0.8589923518194436
cv_pop_I: 2.5955900333083624
energy_conductance: 14037.568616996985
energy_per_spike: 0.3950775846658148
energy_spikes: 9168.0
energy_total: 23205.568616996985
fano_E: 1.962876254180602
fano_I: 29.778646441073512
g_e_cv: 10.549629965664323
g_e_mean: 0.013898864948885816
g_ei_ratio: 100.20546059205816
g_i_cv: 1.4207537666841044
g_i_mean: 0.0001387036681111506
gamma_Q: 24.0
gamma_peak_freq: 48.0
gamma_peak_power: 660481.8374863785
lag_EI_mean_ms: 0.1130434782608711
lag_EI_std_ms: 0.1541958364197058
mean_rate_E: 0.7475
mean_rate_I: 42.85
regime: unstable
regime_reason: Extreme E/I conductance ratio
synchrony: 2.306694589877836
