corr_EE_mean: 0.002007805352386698
corr_EI_mean: 0.010870582609486892
corr_II_mean: 0.025042275270905343
cv_mean_E: 0.2789446630130174
cv_mean_I: 1.422864068328499
cv_pop_E: 0.8528706932990524
cv_pop_I: 2.0060512143792435
energy_conductance: 5119.6515538160575
energy_per_spike: 0.546879419244775
energy_spikes: 6179.0
energy_total: 11298.651553816057
fano_E: 2.0386178861788617
fano_I: 20.507764198418403
g_e_cv: 10.429054944569398
g_e_mean: 0.005029626565630821
g_ei_ratio: 55.869227722441074
g_i_cv: 1.4706254161947794
g_i_mean: 9.00249881852325e-05
gamma_Q: 24.0
gamma_peak_freq: 48.0
gamma_peak_power: 415220.0268491285
lag_EI_mean_ms: 0.20699186991870044
lag_EI_std_ms: 0.23002274528519207
mean_rate_E: 0.76875
mean_rate_I: 27.82
regime: unstable
regime_reason: Extreme E/I conductance ratio
synchrony: 1.8133288558019098
