corr_EE_mean: 0.0023009487560754836
corr_EI_mean: 0.01154846254873034
corr_II_mean: 0.027012009674915315
cv_mean_E: 0.2827672491741667
cv_mean_I: 1.6289297054433227
cv_pop_E: 0.8540127705788437
cv_pop_I: 2.2678459587617446
energy_conductance: 7682.792938646547
energy_per_spike: 0.49254306384632984
energy_spikes: 7457.0
energy_total: 15139.792938646548
fano_E: 2.0506578947368426
fano_I: 24.681990071543293
g_e_cv: 10.48554085918612
g_e_mean: 0.007572616929528046
g_ei_ratio: 68.73199519673464
g_i_cv: 1.4490454027092252
g_i_mean: 0.0001101760091184987
gamma_Q: 24.0
gamma_peak_freq: 48.0
gamma_peak_power: 459167.17675541056
lag_EI_mean_ms: 0.15411184210526482
lag_EI_std_ms: 0.19275410601613777
mean_rate_E: 0.76
mean_rate_I: 34.245
regime: unstable
regime_reason: Extreme E/I conductance ratio
synchrony: 2.14206128469894
