corr_EE_mean: 0.007084100552650345
corr_EI_mean: -0.0009664796790078992
corr_II_mean: 0.0009236806041025733
cv_mean_E: 0.2378914995743381
cv_mean_I: 0.5634927448405351
cv_pop_E: 0.27665400945221774
cv_pop_I: 1.0251136777188883
energy_conductance: 15684.32764652381
energy_per_spike: 0.7832468680470757
energy_spikes: 56676.0
energy_total: 72360.32764652382
fano_E: 0.29633760854558006
fano_I: 0.549079754601227
g_e_cv: 1.5075854338972678
g_e_mean: 0.002617737933528206
g_ei_ratio: 0.20033826660407722
g_i_cv: 0.46448062253867234
g_i_mean: 0.013066589712995602
gamma_Q: 15.4
gamma_peak_freq: 77.0
gamma_peak_power: 1581071.0907228366
lag_EI_mean_ms: 0.5875710937074112
lag_EI_std_ms: 0.6837831815660959
mean_rate_E: 68.8075
mean_rate_I: 8.15
regime: AI
regime_reason: Low correlations but irregularity outside AI range
synchrony: 0.8327514997529818
