corr_EE_mean: 0.556532798032789
corr_EI_mean: 0.3802509614972411
corr_II_mean: 0.7903987286304371
cv_mean_E: 0.01234413276873815
cv_mean_I: 0.009739043147639032
cv_pop_E: 0.03424919164158062
cv_pop_I: 0.024134473286643615
energy_conductance: 19.713629174061126
energy_per_spike: 0.997373866894636
energy_spikes: 7487.0
energy_total: 7506.713629174061
fano_E: 0.0002672010688042752
fano_I: 0.0006004002668445631
g_e_cv: 1.1194623306243228
g_e_mean: 0.0014002977642632785
g_ei_ratio: 0.03682381507129057
g_i_cv: 0.6525871412786743
g_i_mean: 0.038026960583858974
gamma_Q: 15.0
gamma_peak_freq: 60.0
gamma_peak_power: 80191578.71854807
lag_EI_mean_ms: 1.1519205076820336
lag_EI_std_ms: 1.2089711361773
mean_rate_E: 59.88
mean_rate_I: 59.96
regime: unstable
regime_reason: Extreme E/I conductance ratio
synchrony: 71.61974729531187
