corr_EE_mean: 0.37171005317815936
corr_EI_mean: 0.3526826072895512
corr_II_mean: 0.8117202571031555
cv_mean_E: 0.06703350344579911
cv_mean_I: 0.0371075323180793
cv_pop_E: 0.3694332843084828
cv_pop_I: 0.13876475128122265
energy_conductance: 8.928212599399936
energy_per_spike: 0.997131892549509
energy_spikes: 3104.0
energy_total: 3112.9282125994
fano_E: 25.08639175257732
fano_I: 7.7362297496318115
g_e_cv: 1.5921540066209428
g_e_mean: 0.0005527377921931861
g_ei_ratio: 0.031943352836005724
g_i_cv: 1.2155933936116308
g_i_mean: 0.017303687406606684
gamma_Q: null
gamma_peak_freq: 30.0
gamma_peak_power: 10916468.314850962
lag_EI_mean_ms: 1.6447010309278367
lag_EI_std_ms: 1.9356252521609296
mean_rate_E: 24.25
mean_rate_I: 27.16
regime: unstable
regime_reason: Extreme E/I conductance ratio
synchrony: 63.81129896907214
