corr_EE_mean: 0.48795424253597774
corr_EI_mean: 0.311943644526908
corr_II_mean: 0.7884848927505977
cv_mean_E: 0.01567123786035044
cv_mean_I: 0.018768397441188318
cv_pop_E: 0.030911738017337462
cv_pop_I: 0.05899782153259319
energy_conductance: 25.533740022959257
energy_per_spike: 0.997387728079713
energy_spikes: 9749.0
energy_total: 9774.53374002296
fano_E: 0.9405889884763124
fano_I: 0.6224342444559052
g_e_cv: 0.8621113005915757
g_e_mean: 0.001826250154525473
g_ei_ratio: 0.037087825762140154
g_i_cv: 0.49225454240009525
g_i_mean: 0.04924122989139305
gamma_Q: 19.5
gamma_peak_freq: 78.0
gamma_peak_power: 103123370.01855202
lag_EI_mean_ms: 1.165006402048656
lag_EI_std_ms: 1.3130082090136554
mean_rate_E: 78.1
mean_rate_I: 77.56
regime: unstable
regime_reason: Extreme E/I conductance ratio
synchrony: 54.32146804800492
