corr_EE_mean: 0.007768150868682986
corr_EI_mean: -0.0060464114999819
corr_II_mean: 0.0
cv_mean_E: 0.06140923146297992
cv_mean_I: 0.0
cv_pop_E: 0.33851771732122526
cv_pop_I: 0.0
energy_conductance: 0.14212515301669243
energy_per_spike: 0.9998590227017892
energy_spikes: 1008.0
energy_total: 1008.1421251530167
fano_E: 1.958648111332008
fano_I: 0.8000000000000003
g_e_cv: 0.4551757712563418
g_e_mean: 0.0002330361739683826
g_ei_ratio: 4.550231831960119
g_i_cv: 4.30346857012712
g_i_mean: 5.1214132065002246e-05
gamma_Q: 9.0
gamma_peak_freq: 36.0
gamma_peak_power: 8426.906922229497
lag_EI_mean_ms: 5.274999999999987
lag_EI_std_ms: 2.7286999782732773
mean_rate_E: 10.06
mean_rate_I: 0.08
regime: AI
regime_reason: Low correlations but irregularity outside AI range
synchrony: 1.3756825396825398
