corr_EE_mean: 0.5146764219523128
corr_EI_mean: 0.34137230223979725
corr_II_mean: 0.833301432261745
cv_mean_E: 0.012280681701161655
cv_mean_I: 0.015263039168388217
cv_pop_E: 0.02433075161896507
cv_pop_I: 0.043053727796710635
energy_conductance: 22.560712917397424
energy_per_spike: 0.9974090662515934
energy_spikes: 8685.0
energy_total: 8707.560712917397
fano_E: 8.069193294168219
fano_I: 3.1655334114888634
g_e_cv: 0.9948184229192413
g_e_mean: 0.001609182114823059
g_ei_ratio: 0.03698228308287529
g_i_cv: 0.5639447316221667
g_i_mean: 0.04351224371997179
gamma_Q: 11.666666666666666
gamma_peak_freq: 70.0
gamma_peak_power: 46302631.726064
lag_EI_mean_ms: 1.1712422983235415
lag_EI_std_ms: 1.2394907602671852
mean_rate_E: 69.79
mean_rate_I: 68.24
regime: unstable
regime_reason: Extreme E/I conductance ratio
synchrony: 61.85310305123777
