corr_EE_mean: 0.5132055417966728
corr_EI_mean: 0.45264828743249336
corr_II_mean: 0.8736856669671534
cv_mean_E: 0.0390908366123136
cv_mean_I: 0.012393684486723773
cv_pop_E: 0.19280329777096872
cv_pop_I: 0.05415848766339556
energy_conductance: 13.214146925253216
energy_per_spike: 0.9972580286904902
energy_spikes: 4806.0
energy_total: 4819.214146925253
fano_E: 0.01546337621422946
fano_I: 0.002106318956870611
g_e_cv: 1.4397935469479415
g_e_mean: 0.00089147276529239
g_ei_ratio: 0.03490930849684175
g_i_cv: 0.9360397828420916
g_i_mean: 0.025536821085214042
gamma_Q: 10.0
gamma_peak_freq: 40.0
gamma_peak_power: 33817075.4846553
lag_EI_mean_ms: 1.190706222105539
lag_EI_std_ms: 1.3692235642434865
mean_rate_E: 38.09
mean_rate_I: 39.88
regime: unstable
regime_reason: Extreme E/I conductance ratio
synchrony: 82.64862921348316
