corr_EE_mean: 0.5673874193463567
corr_EI_mean: 0.4084335266716557
corr_II_mean: 0.8235863945578231
cv_mean_E: 0.023384703460961793
cv_mean_I: 0.004975700903237644
cv_pop_E: 0.08089691929133695
cv_pop_I: 0.005243042789676369
energy_conductance: 16.57217739603082
energy_per_spike: 0.9973329065917481
energy_spikes: 6197.0
energy_total: 6213.57217739603
fano_E: 11.486982009298567
fano_I: 3.792
g_e_cv: 1.2616694204582197
g_e_mean: 0.0011577720240387827
g_ei_ratio: 0.036195552129945345
g_i_cv: 0.7675377922906017
g_i_mean: 0.03198658276802285
gamma_Q: 12.5
gamma_peak_freq: 50.0
gamma_peak_power: 52149808.275784016
lag_EI_mean_ms: 1.1097432787548012
lag_EI_std_ms: 1.231566354304298
mean_rate_E: 49.47
mean_rate_I: 50.0
regime: unstable
regime_reason: Extreme E/I conductance ratio
synchrony: 79.5715229949976
