corr_EE_mean: 0.23875270081180536
corr_EI_mean: 0.356917546396169
corr_II_mean: 0.7522738661581204
cv_mean_E: 0.606584330333411
cv_mean_I: 0.22585169772289304
cv_pop_E: 1.6467744288596853
cv_pop_I: 0.3071501557360524
energy_conductance: 4.275045966857305
energy_per_spike: 0.9998682666789678
energy_spikes: 32448.0
energy_total: 32452.275045966857
fano_E: 19.62553883992978
fano_I: 12.422044935071456
g_e_cv: 1.3275835378220415
g_e_mean: 0.00046374497100446876
g_ei_ratio: 0.01318894671142386
g_i_cv: 0.6812531709026266
g_i_mean: 0.03516163808613974
gamma_Q: 18.333333333333336
gamma_peak_freq: 45.833333333333336
gamma_peak_power: 155436954.34319052
lag_EI_mean_ms: 0.3562183866089583
lag_EI_std_ms: 0.8225494689043009
mean_rate_E: 19.976041666666667
mean_rate_I: 55.295833333333334
regime: unstable
regime_reason: Extreme E/I conductance ratio
synchrony: 46.8119107495069
