corr_EE_mean: 0.010280271052650744
corr_EI_mean: 0.013652657396252968
corr_II_mean: 0.07498192676916904
cv_mean_E: 0.31776692116761274
cv_mean_I: 0.2922044067545281
cv_pop_E: 1.1076950922065967
cv_pop_I: 0.7489576874135211
energy_conductance: 0.4963591186843713
energy_per_spike: 0.9999725335905327
energy_spikes: 18071.0
energy_total: 18071.496359118686
fano_E: 19.291126871788723
fano_I: 6.582618025751073
g_e_cv: 0.3172530747404806
g_e_mean: 0.0004052518115300562
g_ei_ratio: 0.10861531887337134
g_i_cv: 0.5035157572883895
g_i_mean: 0.003731074177506371
gamma_Q: 27.499999999999922
gamma_peak_freq: 45.833333333333336
gamma_peak_power: 728196.1440392681
lag_EI_mean_ms: 1.0621188475390149
lag_EI_std_ms: 1.3326233324759902
mean_rate_E: 17.367708333333333
mean_rate_I: 5.825
regime: AI
regime_reason: Low correlations but irregularity outside AI range
synchrony: 1.6432073026764802
