corr_EE_mean: 0.009269564507896191
corr_EI_mean: 0.013871802352244982
corr_II_mean: 0.03902981763110322
cv_mean_E: 0.2486899146858208
cv_mean_I: 0.3055522796008708
cv_pop_E: 0.9099734052028747
cv_pop_I: 0.6558241955612242
energy_conductance: 0.19865164812404404
energy_per_spike: 0.9999874629752209
energy_spikes: 15845.0
energy_total: 15845.198651648125
fano_E: 44.16939961825438
fano_I: 4.647012578616352
g_e_cv: 0.32888113346107956
g_e_mean: 0.00037461099905299956
g_ei_ratio: 0.2924776111867832
g_i_cv: 0.6255525778070409
g_i_mean: 0.0012808194019807006
gamma_Q: 35.50000000000006
gamma_peak_freq: 59.16666666666667
gamma_peak_power: 251729.26645400122
lag_EI_mean_ms: 2.198695593403626
lag_EI_std_ms: 2.1998335608990525
mean_rate_E: 16.008333333333333
mean_rate_I: 1.9875
regime: AI
regime_reason: Low correlations but irregularity outside AI range
synchrony: 1.4249150625854639
