corr_EE_mean: 0.22452350099022209
corr_EI_mean: 0.3216943874317705
corr_II_mean: 0.6776635399707732
cv_mean_E: 0.5278780237209411
cv_mean_I: 0.2131897495490982
cv_pop_E: 1.498626644588415
cv_pop_I: 0.3260742377278984
energy_conductance: 3.663547466662573
energy_per_spike: 0.9998770277644676
energy_spikes: 29788.0
energy_total: 29791.663547466662
fano_E: 15.909103470145874
fano_I: 12.91748954036104
g_e_cv: 1.2851256503049866
g_e_mean: 0.0004455837072710129
g_ei_ratio: 0.014811329128229193
g_i_cv: 0.7347303630898897
g_i_mean: 0.030083978514917103
gamma_Q: 26.50000000000004
gamma_peak_freq: 44.16666666666667
gamma_peak_power: 140575658.0731208
lag_EI_mean_ms: 0.433485565160658
lag_EI_std_ms: 0.9731793420961241
mean_rate_E: 19.161458333333332
mean_rate_I: 47.47083333333333
regime: unstable
regime_reason: Extreme E/I conductance ratio
synchrony: 43.35010563537889
