corr_EE_mean: 0.02150719544737246
corr_EI_mean: 0.022144148996522284
corr_II_mean: 0.10302989103257298
cv_mean_E: 0.3467228011814961
cv_mean_I: 0.2985294092666232
cv_pop_E: 1.1848005129046932
cv_pop_I: 0.7649214134776782
energy_conductance: 0.7665988999854032
energy_per_spike: 0.9999604392541279
energy_spikes: 19377.0
energy_total: 19377.766598899987
fano_E: 12.732936878109454
fano_I: 6.260205992509364
g_e_cv: 0.4074921736333254
g_e_mean: 0.0004174389920570342
g_ei_ratio: 0.06991241329520792
g_i_cv: 0.48471104848716245
g_i_mean: 0.005970885174487992
gamma_Q: 34.50000000000005
gamma_peak_freq: 57.5
gamma_peak_power: 4163606.8453040444
lag_EI_mean_ms: 0.900070191857742
lag_EI_std_ms: 1.3673570908451496
mean_rate_E: 17.866666666666667
mean_rate_I: 9.270833333333334
regime: unstable
regime_reason: Did not meet any specific regime criteria
synchrony: 3.1177010115084896
