corr_EE_mean: 0.06117717397765918
corr_EI_mean: -0.003740978466412081
corr_II_mean: 0.006966914693966757
cv_mean_E: 0.13997247807160265
cv_mean_I: 0.21167434275485997
cv_pop_E: 0.78019812562371
cv_pop_I: 0.21792663535410137
energy_conductance: 0.02418471240717341
energy_per_spike: 0.9999933595409639
energy_spikes: 3642.0
energy_total: 3642.024184712407
fano_E: 123.12002176530518
fano_I: 0.18507751937984496
g_e_cv: 0.9428586280519291
g_e_mean: 8.783951780529716e-05
g_ei_ratio: 0.7725568091713688
g_i_cv: 1.2971205871513778
g_i_mean: 0.00011369975225448122
gamma_Q: 35.50000000000006
gamma_peak_freq: 59.16666666666667
gamma_peak_power: 19953.517664844076
lag_EI_mean_ms: 4.912964366944645
lag_EI_std_ms: 2.9158358654131655
mean_rate_E: 3.7489583333333334
mean_rate_I: 0.17916666666666667
regime: AI
regime_reason: Low correlations but irregularity outside AI range
synchrony: 2.585647995606809
