corr_EE_mean: 0.1398483547471712
corr_EI_mean: 0.15985303363290218
corr_II_mean: 0.47884445231633027
cv_mean_E: 0.3589421653907236
cv_mean_I: 0.2615551728580901
cv_pop_E: 1.183381332540717
cv_pop_I: 0.7407030325516986
energy_conductance: 2.1642688904397804
energy_per_spike: 0.999908792873364
energy_spikes: 23727.0
energy_total: 23729.16426889044
fano_E: 14.979870388736556
fano_I: 8.065568377366128
g_e_cv: 1.0363440598354003
g_e_mean: 0.0004171619226968462
g_ei_ratio: 0.023677611739729057
g_i_cv: 0.8303924112823983
g_i_mean: 0.017618412164301323
gamma_Q: 22.000000000000036
gamma_peak_freq: 36.66666666666667
gamma_peak_power: 52332242.125808425
lag_EI_mean_ms: 0.6651768000933602
lag_EI_std_ms: 1.2055391450768014
mean_rate_E: 17.855208333333334
mean_rate_I: 27.441666666666666
regime: unstable
regime_reason: Extreme E/I conductance ratio
synchrony: 23.993311101277026
