corr_EE_mean: 0.22808164860132735
corr_EI_mean: 0.3287720524877603
corr_II_mean: 0.69983441774449
cv_mean_E: 0.5143892680817432
cv_mean_I: 0.21075008499986436
cv_pop_E: 1.4691297226494577
cv_pop_I: 0.30423975362218103
energy_conductance: 3.8894028639813856
energy_per_spike: 0.9998730566629606
energy_spikes: 30635.0
energy_total: 30638.88940286398
fano_E: 16.365833689306566
fano_I: 9.977544721592341
g_e_cv: 1.3006702132599377
g_e_mean: 0.00045451201269841026
g_ei_ratio: 0.014222532580813905
g_i_cv: 0.7082090669450526
g_i_mean: 0.0319571785204798
gamma_Q: 33.49999999999991
gamma_peak_freq: 55.833333333333336
gamma_peak_power: 122911309.2116817
lag_EI_mean_ms: 0.4027643844423023
lag_EI_std_ms: 0.9002713187282468
mean_rate_E: 19.508333333333333
mean_rate_I: 49.6125
regime: unstable
regime_reason: Extreme E/I conductance ratio
synchrony: 43.867582150046246
