corr_EE_mean: 0.015031006714704078
corr_EI_mean: 0.011442265954729972
corr_II_mean: 0.02682948517807795
cv_mean_E: 0.2441532447542329
cv_mean_I: 0.3043022754162083
cv_pop_E: 0.7027510147365263
cv_pop_I: 0.8746805258939099
energy_conductance: 0.06567795690784643
energy_per_spike: 0.9999954209261547
energy_spikes: 14343.0
energy_total: 14343.065677956907
fano_E: 78.9985253580022
fano_I: 0.45720720720720714
g_e_cv: 0.4024088372096911
g_e_mean: 0.0003474975773072935
g_ei_ratio: 1.739064085025724
g_i_cv: 1.0368980469783973
g_i_mean: 0.0001998187302580936
gamma_Q: 16.666666666666668
gamma_peak_freq: 41.66666666666667
gamma_peak_power: 102873.49931693244
lag_EI_mean_ms: 4.484828152813911
lag_EI_std_ms: 2.91585257088943
mean_rate_E: 14.863541666666666
mean_rate_I: 0.30833333333333335
regime: AI
regime_reason: Low correlations but irregularity outside AI range
synchrony: 1.8543047131004673
