corr_EE_mean: 0.008739344933952812
corr_EI_mean: 0.013621529512720956
corr_II_mean: 0.04457151971323403
cv_mean_E: 0.21569693877149923
cv_mean_I: 0.3183728364062779
cv_pop_E: 0.7942739085958763
cv_pop_I: 0.6988514769853513
energy_conductance: 0.21662362932355794
energy_per_spike: 0.9999899339475474
energy_spikes: 21520.0
energy_total: 21520.216623629323
fano_E: 34.979591472978754
fano_I: 3.6610360360360366
g_e_cv: 0.2811630547031233
g_e_mean: 0.000511722909246175
g_ei_ratio: 0.395619014020072
g_i_cv: 0.6025618629803331
g_i_mean: 0.0012934740017834746
gamma_Q: 19.00000000000003
gamma_peak_freq: 31.666666666666668
gamma_peak_power: 469803.9506896836
lag_EI_mean_ms: 2.2558039254559916
lag_EI_std_ms: 2.174247073142301
mean_rate_E: 21.915625
mean_rate_I: 2.004166666666667
regime: AI
regime_reason: Low correlations but irregularity outside AI range
synchrony: 1.3870012391573727
