corr_EE_mean: 0.008684227563506218
corr_EI_mean: 0.012208483145370659
corr_II_mean: 0.059599335303678856
cv_mean_E: 0.28556979679899586
cv_mean_I: 0.3869932550286293
cv_pop_E: 0.9963701017181936
cv_pop_I: 0.8399430929557011
energy_conductance: 0.33778102716344294
energy_per_spike: 0.9999806654552764
energy_spikes: 17470.0
energy_total: 17470.337781027163
fano_E: 27.526650971870094
fano_I: 6.25589970501475
g_e_cv: 0.31176386427745256
g_e_mean: 0.0004039852163199311
g_ei_ratio: 0.16756915507372316
g_i_cv: 0.5597457848899139
g_i_mean: 0.00241085667670876
gamma_Q: 33.00000000000005
gamma_peak_freq: 55.0
gamma_peak_power: 931664.9598270329
lag_EI_mean_ms: 1.517905303259359
lag_EI_std_ms: 1.7046814064359497
mean_rate_E: 17.25625
mean_rate_I: 3.7666666666666666
regime: AI
regime_reason: Low correlations but irregularity outside AI range
synchrony: 1.425433123449723
