corr_EE_mean: 0.007136933317728388
corr_EI_mean: 0.005833373994607748
corr_II_mean: 0.011556854138780022
cv_mean_E: 0.17924399179361633
cv_mean_I: 0.33040299182506766
cv_pop_E: 0.5280358463585726
cv_pop_I: 0.8346767143074579
energy_conductance: 0.17650981736965765
energy_per_spike: 0.9999933983374308
energy_spikes: 26737.0
energy_total: 26737.17650981737
fano_E: 32.11694952132289
fano_I: 1.0704301075268818
g_e_cv: 0.23445590406742645
g_e_mean: 0.0006426799798478313
g_ei_ratio: 0.7759631649133839
g_i_cv: 0.5097818066035429
g_i_mean: 0.0008282351648993155
gamma_Q: null
gamma_peak_freq: 30.0
gamma_peak_power: 319826.1000764498
lag_EI_mean_ms: 2.8534551974120124
lag_EI_std_ms: 2.338039457903469
mean_rate_E: 27.528125
mean_rate_I: 1.2916666666666667
regime: AI
regime_reason: Low correlations but irregularity outside AI range
synchrony: 1.1316736794205284
