corr_EE_mean: 0.19192083678815222
corr_EI_mean: 0.25089327556242064
corr_II_mean: 0.6447647320507294
cv_mean_E: 0.4491866486350677
cv_mean_I: 0.23189477877430612
cv_pop_E: 1.3721442867382432
cv_pop_I: 0.45481683929090366
energy_conductance: 3.2716279647773057
energy_per_spike: 0.9998829315048415
energy_spikes: 27943.0
energy_total: 27946.271627964776
fano_E: 12.16678576098937
fano_I: 9.157359735973598
g_e_cv: 1.2530269423353697
g_e_mean: 0.0004342603111890194
g_ei_ratio: 0.01618604335819234
g_i_cv: 0.7846203207071613
g_i_mean: 0.026829306061955195
gamma_Q: 16.666666666666668
gamma_peak_freq: 41.66666666666667
gamma_peak_power: 113305111.14408927
lag_EI_mean_ms: 0.5125721652373747
lag_EI_std_ms: 1.1255243735127116
mean_rate_E: 18.586458333333333
mean_rate_I: 42.083333333333336
regime: unstable
regime_reason: Extreme E/I conductance ratio
synchrony: 36.64537662980592
