corr_EE_mean: 0.042251708278459886
corr_EI_mean: 0.03694579865385674
corr_II_mean: 0.1935259315715778
cv_mean_E: 0.37536455474475333
cv_mean_I: 0.3435716409507557
cv_pop_E: 1.2800100656460958
cv_pop_I: 0.9650984422697024
energy_conductance: 1.1355158742768583
energy_per_spike: 0.9999444874919848
energy_spikes: 20454.0
energy_total: 20455.135515874277
fano_E: 13.98208011243851
fano_I: 8.370781527531083
g_e_cv: 0.5656603598944433
g_e_mean: 0.0004168652587859646
g_ei_ratio: 0.04608401449522197
g_i_cv: 0.5720237535503745
g_i_mean: 0.00904576702685452
gamma_Q: 19.0
gamma_peak_freq: 47.5
gamma_peak_power: 9735422.214628525
lag_EI_mean_ms: 0.7896867300246397
lag_EI_std_ms: 1.3483749182063605
mean_rate_E: 17.7875
mean_rate_I: 14.075
regime: unstable
regime_reason: Extreme E/I conductance ratio
synchrony: 6.118508360222939
