corr_EE_mean: 0.20315471897500012
corr_EI_mean: 0.2974341913657663
corr_II_mean: 0.6914864359733074
cv_mean_E: 0.45293977942717
cv_mean_I: 0.22177609436011614
cv_pop_E: 1.3724542700914721
cv_pop_I: 0.32534368927961943
energy_conductance: 3.4748540829691184
energy_per_spike: 0.9998796440396437
energy_spikes: 28868.0
energy_total: 28871.474854082968
fano_E: 10.225488578447548
fano_I: 6.810452929066067
g_e_cv: 1.2710829908441894
g_e_mean: 0.00044296883448382006
g_ei_ratio: 0.015535053909020444
g_i_cv: 0.7597002676924459
g_i_mean: 0.02851414852359217
gamma_Q: 17.0
gamma_peak_freq: 42.5
gamma_peak_power: 129622454.96344346
lag_EI_mean_ms: 0.4905560750233747
lag_EI_std_ms: 1.109088328202887
mean_rate_E: 18.939583333333335
mean_rate_I: 44.525
regime: unstable
regime_reason: Extreme E/I conductance ratio
synchrony: 40.88075885640386
