corr_EE_mean: 0.19756896253224276
corr_EI_mean: 0.2880752034350292
corr_II_mean: 0.649844471085169
cv_mean_E: 0.41814170751080026
cv_mean_I: 0.23967763071456602
cv_pop_E: 1.313767184934008
cv_pop_I: 0.6564478639461487
energy_conductance: 3.088353389010495
energy_per_spike: 0.9998863744168578
energy_spikes: 27177.0
energy_total: 27180.088353389012
fano_E: 9.257958008804605
fano_I: 5.433198541071995
g_e_cv: 1.2164560985526738
g_e_mean: 0.0004330550418935965
g_ei_ratio: 0.017114619685921414
g_i_cv: 0.7923024494057032
g_i_mean: 0.02530322319986053
gamma_Q: 24.000000000000036
gamma_peak_freq: 40.0
gamma_peak_power: 97654139.68000312
lag_EI_mean_ms: 0.4968563043232861
lag_EI_std_ms: 1.0003361805426478
mean_rate_E: 18.45625
mean_rate_I: 39.4125
regime: unstable
regime_reason: Extreme E/I conductance ratio
synchrony: 38.98771359973508
