corr_EE_mean: 0.23291628593853
corr_EI_mean: 0.3443079488932565
corr_II_mean: 0.717508657987989
cv_mean_E: 0.5720716172987633
cv_mean_I: 0.20965655263331115
cv_pop_E: 1.5813557645245566
cv_pop_I: 0.3008494304359691
energy_conductance: 4.036666437335372
energy_per_spike: 0.999871304542545
energy_spikes: 31362.0
energy_total: 31366.036666437336
fano_E: 18.365879951831978
fano_I: 11.488632134407316
g_e_cv: 1.3028450426007387
g_e_mean: 0.00045255273808922293
g_ei_ratio: 0.013636719705780873
g_i_cv: 0.6973648580996257
g_i_mean: 0.03318633423970553
gamma_Q: 18.333333333333336
gamma_peak_freq: 45.833333333333336
gamma_peak_power: 125043671.19591701
lag_EI_mean_ms: 0.3824204430749625
lag_EI_std_ms: 0.8587098537958456
mean_rate_E: 19.607291666666665
mean_rate_I: 52.24583333333333
regime: unstable
regime_reason: Extreme E/I conductance ratio
synchrony: 45.17602608252025
