corr_EE_mean: 0.2709770344756954
corr_EI_mean: 0.39003395192436724
corr_II_mean: 0.7636197509751624
cv_mean_E: 0.5933843022632219
cv_mean_I: 0.2877726556308401
cv_pop_E: 1.578362944466251
cv_pop_I: 0.38380023115250705
energy_conductance: 4.514781193875246
energy_per_spike: 0.9998655014759567
energy_spikes: 33563.0
energy_total: 33567.51478119387
fano_E: 19.306042650019457
fano_I: 10.226551226551226
g_e_cv: 1.3774809936645116
g_e_mean: 0.00048028203934359377
g_ei_ratio: 0.012930657258205835
g_i_cv: 0.6683498229883671
g_i_mean: 0.037142894576283454
gamma_Q: 17.666666666666668
gamma_peak_freq: 44.16666666666667
gamma_peak_power: 162173504.6523585
lag_EI_mean_ms: 0.3171242957925194
lag_EI_std_ms: 0.7620450752256152
mean_rate_E: 20.523958333333333
mean_rate_I: 57.75
regime: unstable
regime_reason: Extreme E/I conductance ratio
synchrony: 51.96879477897288
