corr_EE_mean: 0.18553817079303925
corr_EI_mean: 0.24379917177902014
corr_II_mean: 0.5952197729231582
cv_mean_E: 0.3963468085056394
cv_mean_I: 0.225343460475533
cv_pop_E: 1.2530163305921236
cv_pop_I: 0.4974088262922247
energy_conductance: 2.829668264350822
energy_per_spike: 0.999890741462043
energy_spikes: 25896.0
energy_total: 25898.829668264352
fano_E: 13.618199544383954
fano_I: 9.978196214754732
g_e_cv: 1.1854816817445042
g_e_mean: 0.0004210153909827417
g_ei_ratio: 0.018178907955701092
g_i_cv: 0.8206200681312775
g_i_mean: 0.02315955347860744
gamma_Q: 15.333333333333334
gamma_peak_freq: 38.333333333333336
gamma_peak_power: 45509634.37167951
lag_EI_mean_ms: 0.5164610483637402
lag_EI_std_ms: 1.037727411007917
mean_rate_E: 17.985416666666666
mean_rate_I: 35.958333333333336
regime: unstable
regime_reason: Extreme E/I conductance ratio
synchrony: 34.354275563793635
