corr_EE_mean: 0.16947286791560454
corr_EI_mean: 0.22015863010877423
corr_II_mean: 0.5947351907071401
cv_mean_E: 0.3644307971489464
cv_mean_I: 0.23232056542158344
cv_pop_E: 1.1831940608807985
cv_pop_I: 0.4920577539065708
energy_conductance: 2.622102092820997
energy_per_spike: 0.9998982996344422
energy_spikes: 25780.0
energy_total: 25782.62210209282
fano_E: 13.209954238785212
fano_I: 6.880346263831903
g_e_cv: 1.1413799694502975
g_e_mean: 0.00043234818629464246
g_ei_ratio: 0.020185733551361523
g_i_cv: 0.8375020354836363
g_i_mean: 0.021418502587213666
gamma_Q: 15.0
gamma_peak_freq: 37.5
gamma_peak_power: 80756519.10500972
lag_EI_mean_ms: 0.5744207024863276
lag_EI_std_ms: 1.1011212405016653
mean_rate_E: 18.476041666666667
mean_rate_I: 33.5125
regime: unstable
regime_reason: Extreme E/I conductance ratio
synchrony: 31.333889319886215
