g_ei: 4.2105263157894735
stim_start_ms: 400.0
stim_stop_ms: 1000.0
mse: 0.022327817976474762
corr: 0.9436925880426342
r_min: 6.0
r_max: 193.0
h: 10
w: 10
type: blobs
contrast: 1.0
group_size: 5
mapping_seed: 999
image_current_scale: 0.8
I_E_tuned: 1.4507334743723805
I_E_initial: 1.2
I_I: 0.9
noise_std: 0.4
target_rate_E: 20.0
