g_ei: 0.2631578947368421
stim_start_ms: 400.0
stim_stop_ms: 1000.0
mse: 0.017467202618718147
corr: 0.9572624645659452
r_min: 4.0
r_max: 216.0
h: 10
w: 10
type: blobs
contrast: 1.0
group_size: 5
mapping_seed: 999
image_current_scale: 0.8
I_E_tuned: 0.7226913144226644
I_E_initial: 1.2
I_I: 0.9
noise_std: 0.4
target_rate_E: 20.0
