g_ei: 1.8421052631578947
stim_start_ms: 400.0
stim_stop_ms: 1000.0
mse: 0.018871238455176353
corr: 0.9561159740081497
r_min: 1.0
r_max: 217.0
h: 10
w: 10
type: blobs
contrast: 1.0
group_size: 5
mapping_seed: 999
image_current_scale: 0.8
I_E_tuned: 0.9125391931564683
I_E_initial: 1.2
I_I: 0.9
noise_std: 0.4
target_rate_E: 20.0
