g_ei: 3.9473684210526314
stim_start_ms: 400.0
stim_stop_ms: 1000.0
mse: 0.026761211454868317
corr: 0.9401915494800052
r_min: 2.0
r_max: 191.0
h: 10
w: 10
type: blobs
contrast: 1.0
group_size: 5
mapping_seed: 999
image_current_scale: 0.8
I_E_tuned: 1.4020726729712825
I_E_initial: 1.2
I_I: 0.9
noise_std: 0.4
target_rate_E: 20.0
