g_ei: 2.1052631578947367
stim_start_ms: 400.0
stim_stop_ms: 1000.0
mse: 0.018768606707453728
corr: 0.9542070172039059
r_min: 1.0
r_max: 216.0
h: 10
w: 10
type: blobs
contrast: 1.0
group_size: 5
mapping_seed: 999
image_current_scale: 0.8
I_E_tuned: 0.9852824838580981
I_E_initial: 1.2
I_I: 0.9
noise_std: 0.4
target_rate_E: 20.0
