g_ei: 2.894736842105263
stim_start_ms: 400.0
stim_stop_ms: 1000.0
mse: 0.019069533795118332
corr: 0.9466979653905873
r_min: 7.0
r_max: 201.0
h: 10
w: 10
type: blobs
contrast: 1.0
group_size: 5
mapping_seed: 999
image_current_scale: 0.8
I_E_tuned: 1.2336057201225743
I_E_initial: 1.2
I_I: 0.9
noise_std: 0.4
target_rate_E: 20.0
