g_ei: 4.473684210526316
stim_start_ms: 400.0
stim_stop_ms: 1000.0
mse: 0.023345893248915672
corr: 0.9417824436081353
r_min: 3.0
r_max: 192.0
h: 10
w: 10
type: blobs
contrast: 1.0
group_size: 5
mapping_seed: 999
image_current_scale: 0.8
I_E_tuned: 1.4780826459975716
I_E_initial: 1.2
I_I: 0.9
noise_std: 0.4
target_rate_E: 20.0
