g_ei: 0.7894736842105263
stim_start_ms: 400.0
stim_stop_ms: 1000.0
mse: 0.017045028507709503
corr: 0.951660563451166
r_min: 27.0
r_max: 226.0
h: 10
w: 10
type: blobs
contrast: 1.0
group_size: 5
mapping_seed: 999
image_current_scale: 0.8
I_E_tuned: 0.8325454953563841
I_E_initial: 1.2
I_I: 0.9
noise_std: 0.4
target_rate_E: 20.0
