corr_EE_mean: 0.23873706001968256
corr_EI_mean: 0.14224119144959213
corr_II_mean: 0.372563001168894
cv_mean_E: 0.4844801796795386
cv_mean_I: 0.459195749554025
cv_pop_E: 0.6176332592875208
cv_pop_I: 0.6843435705315736
fano_E: 19.78800744248985
fano_I: 6.8384812560076895
g_e_cv: 2.984721890718627
g_e_mean: 0.0036856760989994546
g_ei_ratio: 0.07342209757904126
g_i_cv: 0.8591905178349106
g_i_mean: 0.050198458237068276
gamma_Q: 22.5
gamma_peak_freq: 45.0
gamma_peak_power: 321498309.50535864
lag_EI_mean_ms: 0.6554826140358306
lag_EI_std_ms: 1.1034434606757977
mean_rate_E: 29.56
mean_rate_I: 31.21
regime: PING
synchrony: 36.39616928738708
