corr_EE_mean: 0.05366564879243873
corr_EI_mean: 0.009089331335026011
corr_II_mean: 0.03761288292393427
cv_mean_E: 0.329056071146822
cv_mean_I: 0.5970206804690155
cv_pop_E: 0.3941073163731795
cv_pop_I: 0.982646740193836
energy_conductance: 31246.132883714934
energy_per_spike: 0.5750509810427091
energy_spikes: 42283.0
energy_total: 73529.13288371493
fano_E: 2.2615125898817037
fano_I: 0.44279149913842625
g_e_cv: 1.8929258180741453
g_e_mean: 0.003416726403630391
g_ei_ratio: 0.12277395876464331
g_i_cv: 0.5273160358413961
g_i_mean: 0.027829406480084494
gamma_Q: 14.5
gamma_peak_freq: 58.0
gamma_peak_power: 43057228.10649836
lag_EI_mean_ms: 0.4186490038916523
lag_EI_std_ms: 0.6780198935326156
mean_rate_E: 48.50125
mean_rate_I: 17.41
regime: unstable
regime_reason: Did not meet any specific regime criteria
synchrony: 6.530873187805973
