corr_EE_mean: 0.005804618055746073
corr_EI_mean: -0.0005128421523783821
corr_II_mean: 0.00031569490506558806
cv_mean_E: 0.21416452888210422
cv_mean_I: 0.5542419484748204
cv_pop_E: 0.24927671030570553
cv_pop_I: 1.018877958911028
energy_conductance: 9149.385942981946
energy_per_spike: 0.8709579963876016
energy_spikes: 61753.0
energy_total: 70902.38594298194
fano_E: 0.29490151303576423
fano_I: 0.6891156462585033
g_e_cv: 1.3001657012094627
g_e_mean: 0.0020724399831937687
g_ei_ratio: 0.292843833338498
g_i_cv: 0.5072862091032103
g_i_mean: 0.007076945959788187
gamma_Q: 41.0
gamma_peak_freq: 82.0
gamma_peak_power: 1606326.5451668685
lag_EI_mean_ms: 1.1361806069578095
lag_EI_std_ms: 1.211754510933734
mean_rate_E: 76.08875
mean_rate_I: 4.41
regime: AI
regime_reason: Low correlations but irregularity outside AI range
synchrony: 0.6808542257056338
