corr_EE_mean: 0.0007229321492398071
corr_EI_mean: 0.0008886000402382033
corr_II_mean: 0.0008185155077125051
cv_mean_E: 0.5039626202152518
cv_mean_I: 0.12301389871420683
cv_pop_E: 0.8982464741497858
cv_pop_I: 0.887648954620597
fano_E: 3.5599469496021223
fano_I: 0.994578313253012
g_e_cv: 1.363454536354912
g_e_mean: 0.00015402841146244597
g_ei_ratio: 0.23019089926092204
g_i_cv: 1.0687896271815913
g_i_mean: 0.000669133366944513
gamma_Q: null
gamma_peak_freq: 30.0
gamma_peak_power: 25345.53598366049
lag_EI_mean_ms: 4.247219111608805
lag_EI_std_ms: 2.8661789898112606
mean_rate_E: 5.655
mean_rate_I: 0.415
regime: PING
synchrony: 0.3064360755372259
