corr_EE_mean: 0.021045164695568632
corr_EI_mean: 0.0008520953386074321
corr_II_mean: 0.009870462518596773
cv_mean_E: 0.2964137855776724
cv_mean_I: 0.5900696398901113
cv_pop_E: 0.349542472418159
cv_pop_I: 1.0128238227310662
energy_conductance: 26807.67496074691
energy_per_spike: 0.6349104751705974
energy_spikes: 46620.0
energy_total: 73427.67496074691
fano_E: 0.8923717170792022
fano_I: 0.2071767899558873
g_e_cv: 1.7365434168984477
g_e_mean: 0.0032579167228553806
g_ei_ratio: 0.13834183306448533
g_i_cv: 0.4704569681089009
g_i_mean: 0.023549758237891547
gamma_Q: 27.0
gamma_peak_freq: 54.0
gamma_peak_power: 12356366.50916813
lag_EI_mean_ms: 0.36828715365239356
lag_EI_std_ms: 0.543121757010146
mean_rate_E: 54.59125
mean_rate_I: 14.735
regime: AI
regime_reason: Low correlations but irregularity outside AI range
synchrony: 2.4702960102960105
