corr_EE_mean: 0.22983737188643083
corr_EI_mean: 0.10619330511724018
corr_II_mean: 0.321154431541145
cv_mean_E: 0.46059246474527354
cv_mean_I: 0.5107338647825822
cv_pop_E: 0.5818413651310079
cv_pop_I: 0.7947351970110871
energy_conductance: 50010.58378832406
energy_per_spike: 0.38365511494482907
energy_spikes: 31130.0
energy_total: 81140.58378832406
fano_E: 23.15417258242625
fano_I: 5.8867682715621745
g_e_cv: 2.8605573606247274
g_e_mean: 0.003587263642495805
g_ei_ratio: 0.07727287990663396
g_i_cv: 0.8320839739527744
g_i_mean: 0.046423320145828215
gamma_Q: 23.5
gamma_peak_freq: 47.0
gamma_peak_power: 368134626.6571744
lag_EI_mean_ms: 0.7468170702847681
lag_EI_std_ms: 1.2000642244647843
mean_rate_E: 31.695
mean_rate_I: 28.87
regime: PING
regime_reason: Gamma peak detected
synchrony: 33.02892065531641
