corr_EE_mean: 0.10558409817094226
corr_EI_mean: 0.02517184054123641
corr_II_mean: 0.0918719462513346
cv_mean_E: 0.3641150597824806
cv_mean_I: 0.5908545863477407
cv_pop_E: 0.4415675011411789
cv_pop_I: 0.9440031573530219
energy_conductance: 35835.108046263456
energy_per_spike: 0.5169631356445853
energy_spikes: 38352.0
energy_total: 74187.10804626346
fano_E: 10.40017502917153
fano_I: 1.1141453831041257
g_e_cv: 2.1388225457309153
g_e_mean: 0.0034828894391662974
g_ei_ratio: 0.10765535067206335
g_i_cv: 0.6158882708827507
g_i_mean: 0.03235221860709716
gamma_Q: 27.0
gamma_peak_freq: 54.0
gamma_peak_power: 217703154.79172865
lag_EI_mean_ms: 0.5545157526254376
lag_EI_std_ms: 0.9669416256397253
mean_rate_E: 42.85
mean_rate_I: 20.36
regime: PING
regime_reason: Gamma peak detected
synchrony: 13.423229453483522
