corr_EE_mean: 0.2120546232464357
corr_EI_mean: 0.08885005353774579
corr_II_mean: 0.232853856293207
cv_mean_E: 0.4310170888936429
cv_mean_I: 0.521677960063666
cv_pop_E: 0.5351996187012694
cv_pop_I: 0.8186852789961736
energy_conductance: 45603.28921246628
energy_per_spike: 0.4176069783131664
energy_spikes: 32700.0
energy_total: 78303.28921246628
fano_E: 22.68958864215508
fano_I: 5.511472275334608
g_e_cv: 2.6846817406723957
g_e_mean: 0.003523276692215383
g_ei_ratio: 0.0837280333631035
g_i_cv: 0.7829027440123206
g_i_mean: 0.04208001252025093
gamma_Q: 16.333333333333332
gamma_peak_freq: 49.0
gamma_peak_power: 232881790.99030012
lag_EI_mean_ms: 0.7170909355766785
lag_EI_std_ms: 1.1806192143391052
mean_rate_E: 34.3375
mean_rate_I: 26.15
regime: PING
regime_reason: Gamma peak detected
synchrony: 29.495828746177363
